8
Lactococcus_phage 0 68.84 42.83 72.28 47.65 79.9 57.34 108.48
KM389305.1 68.84 0 53.37 113.7 63.53 39.89 78.23 60.39
NC_028697.1 42.83 53.37 0 81.43 38.47 60.57 61.16 90.04
KC821626.1 72.28 113.7 81.43 0 82.06 122.3 73.58 146.02
coronavirus 47.65 63.53 38.47 82.06 0 67.72 65.07 96.63
adenovirus 79.9 39.89 60.57 122.3 67.72 0 93.89 40.62
U18337.1 57.34 78.23 61.16 73.58 65.07 93.89 0 116.8
herpesvirus 108.48 60.39 90.04 146.02 96.63 40.62 116.8 0
