8
Lactococcus_phage 0 25.24 23.05 31.61 24.16 25.34 25.89 29.53
KM389305.1 25.24 0 22.58 36.83 23.33 18.96 26.6 21.74
NC_028697.1 23.05 22.58 0 33.12 21.96 22.35 25.78 26.28
KC821626.1 31.61 36.83 33.12 0 32.15 36.34 32.41 39.82
coronavirus 24.16 23.33 21.96 32.15 0 22.32 26.03 26.66
adenovirus 25.34 18.96 22.35 36.34 22.32 0 26.78 18.5
U18337.1 25.89 26.6 25.78 32.41 26.03 26.78 0 30.47
herpesvirus 29.53 21.74 26.28 39.82 26.66 18.5 30.47 0
